# create training data for 3x15 celled numbers
0: 111 101 101 101 111
0: 000 111 101 111 000
0: 000 111 101 101 111
0: 111 101 111 000 000
0: 111 101 101 111 000
1: 010 110 010 010 111
1: 001 001 001 001 001
1: 000 001 001 001 001
1: 001 001 001 001 000
2: 111 001 111 100 111
2: 110 001 010 100 111
3: 111 001 111 001 111
3: 111 001 011 001 111
3: 011 001 011 001 011
4: 101 101 111 001 001
4: 101 101 011 001 001
5: 111 100 111 001 111
5: 111 100 111 001 110
5: 111 100 110 001 110
6: 111 100 111 101 111
6: 100 100 111 101 111
7: 111 001 001 001 001
7: 111 001 011 001 001
8: 111 101 111 101 111
9: 111 101 111 001 111
9: 111 101 111 001 001
